@%Unit:                m
@%Coordinate type:     Cartesian
@%Reference ellipsoid: WGS 1984
@#06200210            3955697.382     962835.296    4893662.629            REF   12
@+503                3955846.011    962321.891   4893646.177
@-06200210              -148.566       513.426        16.527
@=    0.9368   0.00000067   0.00000009   0.00000039   0.00000026   0.00000020   0.00000093
@+06202430           3956858.789    963723.912   4892576.477
@-06200210             -1161.343      -888.597      1086.228
@=    0.8017   0.00000063   0.00000006   0.00000036   0.00000024   0.00000018   0.00000091
@+5603               3956372.782    963166.021   4893057.674
@-06200210              -675.399      -330.724       604.956
@=    0.6554   0.00000007   0.00000001   0.00000005   0.00000003   0.00000002   0.00000011
@+06200310           3955772.976    967590.604   4892727.026
@-06200210               -75.592     -4755.307       935.607
@=    0.5483   0.00000069   0.00000012   0.00000053   0.00000012   0.00000018   0.00000085
@+06250150           3954805.945    961234.684   4894723.923
@-06200210               891.437      1600.614     -1061.302
@=    0.4069   0.00000062   0.00000021   0.00000071   0.00000034   0.00000067   0.00000403
@+13210030           3958437.778    961269.549   4891861.109
@-06200210             -2740.411      1565.745      1801.510
@=    0.7383   0.00000054   0.00000016   0.00000031   0.00000031   0.00000009   0.00000067
@#06200310            3955772.976     967590.604    4892727.026            CTRL  12
@#06202430            3956858.789     963723.912    4892576.477            REF   12
@+13210030           3958437.778    961269.549   4891861.109
@-06202430             -1578.998      2454.360       715.368
@=    0.3895   0.00000110   0.00000000   0.00000040   0.00000010   0.00000009   0.00000057
@+503                3955846.011    962321.891   4893646.177
@-06202430              1012.779      1402.020     -1069.700
@=    0.6052   0.00000006   0.00000001   0.00000004   0.00000002   0.00000001   0.00000008
@+06200310           3955772.976    967590.604   4892727.026
@-06202430              1085.814     -3866.690      -150.547
@=    0.4888   0.00000042   0.00000011   0.00000029   0.00000015   0.00000010   0.00000063
@+06250150           3954805.945    961234.684   4894723.923
@-06202430              2052.846      2489.229     -2147.454
@=    0.7974   0.00000046   0.00000007   0.00000034   0.00000016   0.00000011   0.00000073
@+5603               3956372.782    963166.021   4893057.674
@-06202430               486.070       557.900      -481.117
@=    0.4995   0.00000078   0.00000023   0.00000063   0.00000028   0.00000028   0.00000102
@+06200210           3955697.382    962835.296   4893662.629
@-06202430              1161.474       888.629     -1086.068
@=    0.5774   0.00000078   0.00000024   0.00000064   0.00000028   0.00000029   0.00000104
@#06250150            3954805.945     961234.684    4894723.923            CTRL  12
@#13210030            3958437.778     961269.549    4891861.109            CTRL  12
@#503                 3955846.011     962321.891    4893646.177            REF   12
@+13210030           3958437.778    961269.549   4891861.109
@-503                  -2591.773      1052.338      1785.064
@=    0.4971   0.00000128   0.00000001   0.00000051   0.00000011   0.00000010   0.00000066
@+06200310           3955772.976    967590.604   4892727.026
@-503                     73.030     -5268.712       919.157
@=    0.7127   0.00000044   0.00000012   0.00000031   0.00000016   0.00000012   0.00000066
@+06250150           3954805.945    961234.684   4894723.923
@-503                   1040.067      1087.212     -1077.748
@=    0.6003   0.00000048   0.00000007   0.00000035   0.00000017   0.00000011   0.00000075
@+5603               3956372.782    963166.021   4893057.674
@-503                   -526.761      -844.129       588.505
@=    0.5071   0.00000105   0.00000021   0.00000070   0.00000030   0.00000016   0.00000100
@+06200210           3955697.382    962835.296   4893662.629
@-503                    148.628      -513.404       -16.444
@=    1.1645   0.00000110   0.00000020   0.00000068   0.00000032   0.00000021   0.00000116
@#5603                3956372.782     963166.021    4893057.674            REF   12
@+13210030           3958437.778    961269.549   4891861.109
@-5603                 -2064.955      1896.482      1196.618
@=    0.2723   0.00000402   0.00000046   0.00000266   0.00000053   0.00000070   0.00000365
@+503                3955846.011    962321.891   4893646.177
@-5603                   526.823       844.142      -588.440
@=    0.4660   0.00000155   0.00000024   0.00000116   0.00000024   0.00000035   0.00000172
@+06202430           3956858.789    963723.912   4892576.477
@-5603                  -485.956      -557.877       481.251
@=    0.2905   0.00000155   0.00000024   0.00000116   0.00000024   0.00000035   0.00000172
@+06200310           3955772.976    967590.604   4892727.026
@-5603                   599.807     -4424.582       330.650
@=    0.4565   0.00000069   0.00000012   0.00000053   0.00000012   0.00000017   0.00000084
@+06250150           3954805.945    961234.684   4894723.923
@-5603                  1566.831      1931.335     -1666.270
@=    0.4671   0.00000055   0.00000013   0.00000033   0.00000022   0.00000009   0.00000080
@+13210030           3958437.778    961269.549   4891861.109
@-5603                 -2065.008      1896.466      1196.559
@=    0.5339   0.00000053   0.00000013   0.00000030   0.00000027   0.00000005   0.00000064
